2.737559758644772856e+00
5.846073809333357518e-01
1.157480801658133940e-01
5.560250139750442244e-01
6.493596598859630031e-02
9.964996875569025470e-01
2.394049912754214748e-01
2.959514103297362642e-01
9.482080127226027999e-01
1.308581003143820531e-01
7.037257791412243613e-02
4.691427111390866767e-01
2.046513985640965316e-01
9.040183617330672661e-01
2.520352183194108919e-01
9.975498855203390747e-01
8.927594237734811644e-01
4.949807869741931210e-01
2.661083328779477730e-01
1.873556378646786813e-01
2.873938463319898329e-01
5.176435894506917768e-01
8.697656020902043705e-01
7.879132754365482105e-01
7.341886583554827483e-01
4.778088910911453269e-01
7.425164993562483051e-01
3.666208017876648739e-03
9.923851634374956099e-01
4.261148317404805930e-02
8.891190251348450868e-01
6.803220123086132221e-01
3.747922262673831773e-01
2.294244352316876512e-02
7.237033215281443166e-01
8.583570438615343301e-01
6.810972580700792589e-01
3.626743584099797468e-01
5.851697736398657756e-01
6.354262320506628425e-01
7.222703740792882909e-01
4.296388568557663046e-01
8.868161427114811257e-01
8.145236746195260169e-01
6.229138673518389568e-01
4.444335524391365144e-01
9.091507831909998449e-01
1.942931436190454830e-01
2.508076649001003133e-01
5.674975628520770865e-01
6.551138325189820311e-02
8.259351586449357185e-01
8.861796892503551737e-01
8.145036224373504163e-01
7.628863694072263169e-02
2.556133749271685129e-01
6.826388051321161665e-01
2.450003352926832800e-01
1.036209132701456648e-01
8.022780545975549682e-02
6.332124726561061401e-02
1.905594787074426089e-01
1.509214746339984092e-01
9.750140491236227724e-01
3.319125373642825005e-01
4.214138069066908354e-02
5.389200714702871986e-01
2.523377257385660544e-01
-1.510109626553786666e-01
-1.193210190001249948e+00
-7.673440213205244831e-01
1.607268008546440585e+00
1.776473034636616433e+00
1.333378941476270896e+00
-5.221618339370734940e-01
6.350784531209135997e-01
-2.329071527784798423e-01
1.663281953015249393e+00
5.651578456652658344e-01
2.549714203066190121e-01
4.180101579382760058e-01
3.861176363938231271e-01
5.625189186890807713e-01
2.637027100979955074e-01
8.025884741083719742e-01
1.590821595711255920e-01
5.135424629025898691e-01
3.102642792997249988e-01
4.591183819750179751e-01
7.483508298226196898e-01
1.937342044279131148e-01
7.050559953615382902e-01
5.535288709771432059e-01
1.494796024785428612e-01
9.895339283553415965e-01
9.441292589353101894e-01
-1.262300686072080680e+00
9.925817248083941280e-01
1.641549208994209419e+00
1.269855671496992466e-01
-2.438506061650288270e+00
1.990937746858628232e+00
1.097326835134098788e+00
5.621011708868099976e-01
5.436500377788416882e-01
2.018044766626953201e+00
4.238675079895341119e-03
2.511363388849440215e-01
2.075154566287059632e-01
7.105811949200058208e-02
5.002504024837968188e-01
2.389735639167920311e-01
1.975374490624993706e-01
2.703084953736603069e-01
4.475839051088625897e-01
7.678217340178563610e-01
7.529576371075934471e-01
9.522895478439729056e-01
1.943921605602494940e-01
9.137677825769344730e-01
1.097852944027732751e-02
-1.176355709704346664e+00
1.334185338153036186e-02
1.482673781799567658e+00
2.339164984652532198e+00
5.113435755543498107e-02
-2.084892009950608749e+00
2.415097968274337870e+00
-1.173209002178853044e+00
5.794004399817873630e-01
-1.901298822471679584e+00
1.224210936044357378e+00
-9.995422896527246248e-01
-5.914873335093501217e-01
-1.912602123729287840e-01
8.043711927295364716e-02
1.142767012886766853e+00
1.719708169720535418e+00
7.390537050836826216e-01
6.644427732348279214e-01
3.959351355694677999e-01
3.583034977490906492e-03
8.684967381896291361e-01
1.977919534979662997e-01
1.967520902460597743e-01
1.129567875231712426e+00
5.954477946914017439e-01
1.162237699460008988e+00
-3.594888434926344911e-01
2.791091690244547618e-01
-8.891879674064173678e-01
7.620947339974021295e-01
8.741533118552481385e-01
-7.837979964162832269e-01
1.564824128873523179e+00
1.778816283987999236e-01
-1.362849601898844742e+00
1.641455058610633566e+00
-4.480418130701899204e-01
1.195496480453563493e+00
5.104705906475961452e-01
5.637767024878838074e-01
1.946032420709411237e-01
-9.272672484115507263e-01
2.766076943690364831e-01
1.886226119180058669e+00
2.557287082196812444e-01
2.866264324653231554e-01
9.745318075562726667e-01
3.216328696715164970e-01
1.173739595758293008e-01
6.978119612699003049e-01
6.652030333191133460e-01
1.177787196047189511e+00
1.245361946746121662e+00
-2.355673189182792837e-01
-5.076018238788319037e-01
3.482164931168437727e-01
-1.250923021912526023e+00
1.389435528882942972e+00
-2.429417716891886167e-02
-2.487535279350332196e-01
7.743933797480417880e-01
-5.869903265555541649e-01
-5.319460535260853717e-01
-1.191063666411450672e+00
1.060610830009109273e+00
-1.106309777224208313e+00
-6.360489678820564485e-01
-6.704969958634208194e-01
-8.347132530364735903e-01
-3.208280049968599279e-01
-1.179364127866602274e+00
6.680309165674244154e-01
7.366044157368325518e-01
3.182487085191799681e-01
2.413094809398323992e-01
9.847664753810227989e-01
8.770997555695515535e-01
3.259548382414043655e-01
-2.170363334384723952e-01
2.053781101632584372e-01
2.752061213942510499e-03
-5.931355431608626994e-01
6.668196280077295368e-01
-7.456591378272477977e-01
-3.987082073375399216e-01
-2.844874279665831063e-01
-4.489359812957906537e-01
-4.961997734755446143e-01
-5.645995883657579650e-01
-1.152959600610351104e-01
2.055492177594673731e+00
3.662583740079338179e-01
3.720817683369945783e-01
-1.588516077732088361e-01
5.040034572969942506e-02
-5.578686954234238771e-01
2.441309016135329302e-01
-3.129656812240215191e-01
1.080716958202395217e+00
1.885207495610748518e+00
-1.224516481945839286e-01
8.836026673774930451e-01
9.186723025232980122e-01
7.377082686961360380e-01
7.186328989836054948e-02
7.855610593896493743e-01
-3.449070215749339141e-01
6.005307229451229550e-02
-2.388348280853269667e-01
-5.325513976649504794e-02
8.462671508698551559e-01
3.827437022637123487e-01
-2.288426886377992742e-01
4.760643261503257340e-01
1.507239177030582633e-01
5.365379971390215053e-01
1.073392971525104711e+00
5.641795285176094410e-01
-3.882813633138091358e-01
-2.139013953988543104e+00
-1.145242796823591425e+00
-8.937054806235634752e-01
9.381239904542499897e-01
-4.995385174146544371e-01
1.174181800483672378e+00
6.485275657813460715e-01
-8.168264013670787360e-01
6.495198147322202020e-01
1.092790222657908483e+00
3.149567847840086809e-01
3.740855844546165931e-01
9.801743849516588725e-01
2.031148288793700019e+00
9.243537281228343394e-01
5.650627064407024447e-01
1.693676610650159065e+00
9.482403666958727495e-02
-9.692662222965045538e-02
-8.251548283761619418e-01
8.671263086151627109e-01
-9.255125075694824455e-01
-1.830799495049888759e-01
1.414151077528701395e-01
-4.607269778066264143e-01
-8.641962764676861530e-01
-1.167455936839545849e+00
6.907272574886774708e-01
3.736800092201137957e-01
9.547469721439046930e-01
9.535695129390871216e-02
8.543069753268464073e-01
-1.111872561954285327e-01
-1.214168433822263804e+00
-3.043903675054105418e-01
1.512907463791610008e+00
1.236570771415781145e-01
8.939983082398806902e-01
2.952467980042642326e-01
5.773022307594833924e-01
7.780504555660000543e-01
8.162306093153749442e-01
8.593257705812397118e-01
1.453828449511408161e-01
1.328785448312268302e+00
-2.325003394818831171e-01
8.060564081767943589e-01
1.196521784630253521e-01
1.607497617602544893e-01
-8.099095746834836795e-01
6.097467047203548596e-01
-2.870093645095073143e-01
-1.286526829499164692e-01
5.412810731848468476e-02
2.096127803068212059e-01
-1.408709007409924441e+00
5.446743139779523790e-02
-1.825487491950533503e+00
6.500298077559950594e-01
-1.228746849582279976e+00
1.318366550527453107e+00
7.391359106772217580e-02
1.319226163536175722e+00
2.868866832460114646e-01
7.003473874929593045e-04
9.123577879501121313e-01
1.667589240327822520e-01
2.225912637853877385e-02
6.171938866325835660e-01
3.471941248477729003e-01
4.987955072579672855e-01
-2.425938806152456162e-01
-3.789896300499241699e-02
6.212328523091853461e-01
-2.672950537159990980e-01
7.297296850923542522e-01
-6.250895515025975402e-02
4.234805189801225112e+00
-9.975964889267389113e-01
2.002227032743449708e+00
1.908557104055135678e+00
-1.157775663031677560e+00
2.006189800422593983e+00
-9.110600469357947873e-01
7.361831369331695019e-01
3.910415874479505338e-01
5.386814357224144478e-01
3.044827753260875847e-01
-1.953522340148281522e+00
1.110402937603991891e+00
8.314456890912964582e-01
-7.562408743453509219e-01
5.145583707041415100e-02
5.031509482031339964e-01
2.480210503025837010e-02
5.146443076851916487e-01
9.188562168145864018e-01
9.901295964957061990e-01
5.116995160904310724e-01
-3.308231491910634814e-01
1.146836701739589875e-01
1.019033191404253635e+00
-6.063192420555478801e-01
9.475840217331179538e-01
-1.723070375351722694e+00
-1.836926735541414057e+00
-1.069686295753210503e+00
-8.907788313909367206e-01
8.265534945677200929e-01
-4.445353734617098485e-01
-7.859119686119269144e-01
2.229876199790152905e-02
-3.909675155405565317e-01
6.832241954154874009e-01
1.173243583558170045e+00
-1.020122468741958111e+00
4.336359770391381291e-02
-2.606288296468126098e-01
-9.196849361420380564e-01
-1.280002692843840828e+00
3.324615870470382095e-02
2.624425688644805854e-01
3.038444910096245177e-01
9.097446333298738752e-01
2.258961582966956261e-01
7.732784189085731841e-01
3.839181954660785268e-01
-3.230484461447804406e-02
9.064108401464515685e-01
-7.125298693142370077e-01
-1.216507373627616177e-02
2.606242333947155210e-01
8.021060054233910552e-01
6.156125058314082521e-01
1.593557628974876517e+00
-3.381419807938690902e-01
-5.837555191685073197e-01
-3.422743483893754823e-01
-1.358090648224761776e-01
1.697635408950437297e+00
8.117866427728507306e-01
-5.505848403284099302e-01
6.204914402074369895e-02
-4.816000366188689930e-02
1.263198652279365689e-02
1.630771875890322020e+00
-1.186360928093294520e+00
-3.403498403782746762e-02
5.687980935759218148e-01
3.732462802549258996e-01
8.552446311378381072e-02
1.968067111675967373e-01
2.940844497812717950e-01
7.856987330312781292e-01
1.579412359848588743e-01
-2.867278809120505853e-02
-4.674950186743142555e-01
-1.527184456681630387e+00
-7.735057323804712670e-01
-1.423313854097088271e-01
-7.838379916145353787e-01
7.303735881752890791e-01
-2.060251914584596555e-01
-1.871511802140974234e+00
1.765862912846038357e+00
1.170427831429133647e+00
-5.561337528839649380e-01
-9.947880627550992338e-01
1.261538659310889265e+00
-1.142067866332020287e+00
8.159693458588996862e-01
-4.400765523115010014e-01
-4.910378679252503931e-01
4.622119952038887258e-01
4.576814620378338860e-01
8.206237216570217985e-01
-1.042088501287064650e+00
4.976688472773881378e-01
3.443992180582670648e-01
6.200235732735256411e-01
1.282589942628953317e-01
6.958245549402316543e-01
7.780870909607924268e-01
1.089250416509340402e+00
1.472410347873648329e-01
-2.480295708078427211e-02
8.915792882592975532e-01
-1.052078679761077495e+00
-1.187010346852804821e+00
-7.537554474186047848e-01
-1.438814472032532155e-01
1.106984119910043862e+00
-1.904652767825373072e+00
-3.288576878424157579e-01
3.130380886548971842e-01
7.799442937420368871e-01
-5.123521106652956236e-01
-4.794468849552264156e-01
1.425741253688827426e+00
-1.583143850842881450e+00
2.194184462928007173e-01
1.085777348221312888e+00
-1.234758112544832809e+00
-7.236578371206456861e-01
-2.172488612523890694e-01
-8.117907554632897149e-01
1.506711409987000039e+00
6.051707626561216857e-01
5.435319508451326165e-01
5.840291306965549323e-01
1.326758574976920624e-01
4.264262400983434564e-01
2.860061665221871774e+00
1.121257977988488058e-01
-1.590890743540584740e-01
6.200006919494386315e-01
-1.130522897612703526e+00
8.797029035859716961e-01
-6.565316026392733484e-01
2.396426733475125470e+00
-5.224618148456119382e-01
-1.854827406946509272e-01
-1.886518350190841131e-01
-1.427902450717509313e-02
2.432923662182628455e+00
-1.733512536618787014e-01
4.032942239485478586e-01
1.828544428567019375e+00
-1.217146251932356010e-01
-3.432849646876060312e+00
5.012472393696160156e-02
4.679552253941744733e-02
5.536130637886553796e-01
2.751659334852960992e+00
6.177657254383278618e-01
2.131890432355831866e-02
7.573039916712284159e-01
5.320001926541106929e-01
8.901820879272096532e-01
-4.460036313443267453e-01
2.388854371138040555e+00
-1.415584285249303242e+00
3.033935842510313563e-01
1.643924930634809378e+00
6.620694774514352954e-01
1.590788420653620250e+00
-2.837262129055842852e+00
1.719497216802477801e+00
-1.990923515698741209e-01
-1.288265212957463157e-01
-4.818635539527008627e-01
2.364323582803129487e-01
-2.128023998258664895e-01
-1.085661707374536711e+00
-1.158999925511408735e+00
-2.787128097147379524e+00
2.915475898804751775e+00
-1.890813874139563255e+00
2.054208601394689637e+00
-1.933046129576395877e+00
2.713703174192044765e-01
1.021835507068282328e-01
5.321770021020267860e-01
6.501082487664711085e-02
9.339944483510498330e-01
7.838596377724537101e-01
8.294086761341683545e-01
-4.862063649510028340e-01
3.587497001699033738e-01
-5.051995419853996250e-01
4.591866079965503111e-01
-1.179330438833169348e+00
-9.274590717152585428e-01
-6.886528936818375746e-01
2.586880565016420608e+00
-2.005528182358586875e+00
8.129041741178391067e-01
5.012640693816451387e-01
1.047316341233417714e-01
2.810547734330288150e-01
-4.258677240367463868e-01
1.644033677688159667e+00
-1.945541156753944900e-01
1.007385081762984136e+00
-7.453522610158621609e-01
-1.366525908957904489e+00
4.915254496375914828e-01
-4.085341986084214949e-02
-1.155074343444881357e+00
-1.190042875017574220e+00
3.662017845878811073e-01
5.340673843646052132e-01
6.310557846104666302e-01
6.640197343090858961e-02
7.389530604844863904e-01
1.055786296576600863e-01
-5.374738185079943609e-01
1.219757236666906053e+00
1.408564847252176955e-01
-4.250206900377257596e-02
1.280059765618104750e+00
-3.577380737675584510e-01
-1.037576917682048405e+00
-3.149029983311638081e-02
3.898487848090714247e-01
2.521770138740225820e-01
-7.489270030769515918e-01
6.301694926219644222e-01
-5.198151608734336016e-01
-1.653315412919956318e+00
1.004869139430130787e+00
-6.894270993454172380e-01
1.281974010705512423e+00
8.559386852519753619e-01
-3.208848097944339006e-01
3.277756178028710110e-01
1.876309478355159266e-01
4.897795051099507191e-01
1.999470470456204962e-01
5.453713783541571658e-01
1.486957422193324607e-02
1.052375593274890164e-01
2.191680706721577943e-01
6.127954355000133635e-01
2.383254422526727423e-01
2.690747074234303704e-01
-3.926699004680508920e-01
-9.432538856501824220e-01
-1.443523420547547120e+00
-3.210709598243671747e-01
1.032917022435401622e+00
2.807719689142208486e-01
-1.315121552429448837e+00
-8.279092219001503716e-01
-1.549975420493397704e-01
6.884520174567595463e-01
9.989690098122342432e-01
-2.487184128327967533e-03
6.632656604345155138e-01
-5.001497375560284286e-01
-8.552060813860936639e-01
-8.138142654264915454e-02
1.934993954456636356e-01
9.070180950733540692e-01
7.225582787085967906e-01
7.786822816493893518e-01
4.873416356199212762e-01
7.286357379460663974e-01
8.659794088377452681e-01
4.806217911308274804e-02
1.128193912475078560e-03
7.619175405695997050e-01
4.015050423962684967e-01
-3.152393525249586048e+00
-9.982317690754564932e-02
1.521041748738103827e+00
6.916815119536191547e-01
-1.081400706600729456e-01
-1.265864746259106610e-01
-2.668705861108447985e-01
-3.767842968017245942e-01
8.462821014864120306e-01
-3.029377237534356393e-01
-1.821339494838457584e+00
1.513640164132322052e+00
5.605875897330918622e-01
-1.877377052638559585e+00
4.573788522561242353e-02
-3.915462757701845820e-01
-1.620151764099920344e+00
1.389211299591653681e+00
7.167079803543094929e-01
5.040863348197859306e-01
9.704141637554775102e-01
6.756752030394153063e-01
6.831822810420185021e-01
1.384728590281729677e-01
4.940885281339700841e-01
9.443061202039907398e-01
-2.827938558038768369e-01
-2.258459042768530267e-01
-7.059216695383231377e-01
-7.241767851481187845e-01
-6.353697022838720176e-01
9.470982465178071630e-01
-1.093324391595485334e+00
4.003744718758899812e-01
1.083953454929714288e+00
6.028478030057506931e-01
6.297055203572100857e-02
-7.128710208531675585e-01
-2.146085102413086143e-01
-4.296702055698035094e-01
6.647159040265647467e-02
2.212539217357973875e+00
1.595095228860556436e+00
3.053896241203580830e-01
-1.938647245076464465e+00
-1.082991786625906006e+00
3.427511981131601826e-01
5.446718223889687183e-01
4.233215624493835705e-01
4.524162613660053234e-01
8.528445699660578416e-01
8.312098900169359039e-01
6.761112721171846918e-01
6.642061294000316529e-01
2.052050535730689240e-01
1.230376655606747749e-02
-4.551304506706632114e-01
1.471286258012610704e+00
-3.300614860953269836e-01
3.409463452666780525e-01
-7.745672954990209247e-01
1.837006762969789139e-02
3.509509242739551338e-01
-2.812030348188000392e-02
-5.640862802763605410e-01
-1.417384851499643543e-02
-1.442162800390737187e-01
-5.790359528820427926e-01
-2.002558044040757324e+00
-4.432543251317805355e-01
-1.605249668664950002e+00
3.680808456090320369e-02
-7.419909846201940828e-01
1.130129280170153183e-01
-3.226136903824484148e-01
8.425898335164415387e-02
1.310800913368094234e-01
2.352419035745729747e-01
2.334392316943150192e-01
1.931570478059908558e-01
6.111928645957199757e-01
6.180582676248997931e-01
7.969506889134068961e-02
1.937808214876884927e+00
1.760721965844117554e+00
6.316366182846452348e-01
-1.307178671379867763e-01
1.528213425025705563e+00
2.394196745907314627e-01
-5.832994296725286798e-01
-5.117097487281970780e-01
9.574161485427740148e-02
6.850998677130512027e-01
2.195222864550164577e+00
-8.358022837197940369e-01
1.413104645102579715e+00
1.033539332671652211e+00
-6.560004120675010375e-01
1.939180540079114889e+00
2.514475863322838567e+00
-4.246041219758437402e-01
7.160589757219011364e-01
6.286254047135511058e-01
2.126005142551973259e-01
1.673133511523854366e-01
7.881953712982692206e-02
6.545187559216785189e-01
6.687075377160560663e-01
6.006700321228113371e-01
6.939805493190294161e-01
9.139263204789429551e-01
6.140505735382677521e-01
8.878068089405841690e-01
6.839843051611464997e-01
8.966628704787482640e-01
-8.339505931809196859e-01
1.095731536586888266e+00
-1.210435002563490015e+00
1.672044585603492672e+00
9.746354780360717562e-01
4.403839603897358179e-01
-1.057707310957214597e+00
1.085995770327399024e+00
4.507108815143420211e-01
7.767190791206965983e-01
7.822302545147616915e-01
1.032802739818061033e+00
1.520098533915629879e+00
1.976714615350825266e-01
1.855918627316939240e-01
1.829800681887875369e-01
6.788577694400551588e-01
7.796224749021050116e-01
1.565179305249426722e-01
1.087124133742927157e-01
8.006733722147032495e-01
8.893179387927514501e-01
4.003395031509817681e-01
6.093367104218553321e-01
1.070820179799339966e-01
1.182432854682284207e+00
1.400387113632867164e-01
1.750025038228014029e+00
3.933290871468103078e-01
1.865066268045941333e+00
7.335040857684420601e-01
-6.104152610795474665e-01
6.931709906833298795e-01
-1.898116948550069738e+00
1.829982967310191500e+00
8.659170073748054253e-02
9.788835081252623693e-01
1.420410133998758928e+00
1.581065899437623212e+00
-1.784257478040530975e-02
4.005583572641401302e-01
4.570018532582957871e-01
8.918803729872992747e-02
9.253205100217762880e-01
8.845513518215298854e-01
2.605527938516785103e-01
1.074984995091643469e-02
7.003288732446616427e-01
9.305844403971742507e-01
1.601977154336113873e-01
5.472745663566432883e-01
2.306205984849379886e-01
6.314082148912011361e-01
6.308671289181985165e-01
8.130194467274663717e-02
1.007990911797667977e+00
5.477602191790991171e-01
8.934874491850712808e-01
1.522785898790628423e-01
7.647210087866914696e-01
5.497158734959701754e-01
7.851067547734923435e-01
9.628090800269784033e-02
4.831968214449668952e-01
-3.359793697112372080e-01
2.568017404107553192e-01
1.444999754138243331e+00
1.463205372338476362e+00
3.002157543420408414e-01
4.068689395348082938e-01
6.843355710943557213e-01
4.287763518825998821e-01
1.478226873262089569e-01
3.526467401004262925e-03
7.988226345699795949e-01
8.179380983288113693e-01
