0.000000000000000000e+00
0.000000000000000000e+00
0.000000000000000000e+00
0.000000000000000000e+00
0.000000000000000000e+00
0.000000000000000000e+00
0.000000000000000000e+00
0.000000000000000000e+00
0.000000000000000000e+00
0.000000000000000000e+00
0.000000000000000000e+00
0.000000000000000000e+00
0.000000000000000000e+00
0.000000000000000000e+00
0.000000000000000000e+00
0.000000000000000000e+00
0.000000000000000000e+00
0.000000000000000000e+00
0.000000000000000000e+00
0.000000000000000000e+00
0.000000000000000000e+00
0.000000000000000000e+00
0.000000000000000000e+00
0.000000000000000000e+00
0.000000000000000000e+00
0.000000000000000000e+00
0.000000000000000000e+00
0.000000000000000000e+00
0.000000000000000000e+00
0.000000000000000000e+00
0.000000000000000000e+00
0.000000000000000000e+00
0.000000000000000000e+00
0.000000000000000000e+00
0.000000000000000000e+00
0.000000000000000000e+00
0.000000000000000000e+00
0.000000000000000000e+00
0.000000000000000000e+00
0.000000000000000000e+00
0.000000000000000000e+00
0.000000000000000000e+00
0.000000000000000000e+00
1.673246045416997398e-04
1.455732322456221826e-02
3.068452791435868909e-01
2.234734395523233719e+00
8.342122314964882435e+00
1.887916576610995278e+01
2.828030226689083193e+01
2.963289025569488544e+01
2.285237634689576325e+01
1.364393902227951649e+01
6.689955047812015998e+00
2.696826426266754506e+00
9.499911335985797844e-01
2.707313818162700447e-01
6.499993853005149591e-02
1.321446184537999197e-02
1.979635987955576278e-03
1.741147188351145950e-04
9.831698927979166426e-04
4.516176376013545171e-03
1.774185484589093156e-02
7.135634657392538049e-02
2.173980417526972242e-01
5.994353326699969342e-01
1.379689211706409457e+00
2.736631008520316488e+00
4.423131172079681761e+00
5.838146487745363267e+00
6.198339426724333023e+00
5.286812445030997232e+00
3.636442367210580784e+00
2.040373619624826773e+00
9.539305485779009386e-01
3.666480477424216011e-01
1.233323514461475701e-01
3.315012937544581373e-02
2.296265266710971129e-02
8.757237470932882628e-02
3.710894089801318740e-01
1.245259193437116219e+00
3.302499884885414794e+00
7.008935153752862135e+00
1.189994922945237654e+01
1.612613344648299218e+01
1.719436002500733807e+01
1.449893476890933108e+01
9.805930235827359454e+00
5.389110255227068436e+00
2.435000743983827043e+00
9.173006311547189373e-01
2.969576186714711352e-01
1.267645023967121642e-01
2.557264149687404897e-01
7.725474978572095530e-01
1.866412742277400616e+00
3.542511143608047419e+00
5.360825460678422694e+00
6.416091076059138310e+00
6.055979862493858334e+00
4.565761643310041862e+00
2.830605252842693265e+00
1.453858381318994697e+00
6.683505829558813449e-01
4.331277989067972012e-01
