1.161100803055941516e-02
2.322201606111883032e-02
3.483302409167824548e-02
4.644403212223766064e-02
5.805504015279707580e-02
6.966604818335649096e-02
8.127705621391589919e-02
9.288806424447532128e-02
1.044990722750347434e-01
1.161100803055941516e-01
1.277210883361535598e-01
1.393320963667129819e-01
1.509431043972724040e-01
1.625541124278317984e-01
1.741651204583912205e-01
1.857761284889506426e-01
1.973871365195100647e-01
2.089981445500694868e-01
2.206091525806288811e-01
2.322201606111883032e-01
2.438311686417477253e-01
2.554421766723071197e-01
2.670531847028665418e-01
2.786641927334259639e-01
2.902752007639853860e-01
3.018862087945448081e-01
3.134972168251042302e-01
3.251082248556635967e-01
3.367192328862230188e-01
3.483302409167824409e-01
3.599412489473418630e-01
3.715522569779012851e-01
3.831632650084607072e-01
3.947742730390201293e-01
4.063852810695795514e-01
4.179962891001389735e-01
4.296072971306983401e-01
4.412183051612577622e-01
4.528293131918171843e-01
4.644403212223766064e-01
4.760513292529360285e-01
4.876623372834954506e-01
4.992733453140548727e-01
5.108843533446142393e-01
5.224953613751737169e-01
5.341063694057330835e-01
5.457173774362925611e-01
5.573283854668519277e-01
5.689393934974112943e-01
5.805504015279707719e-01
5.921614095585301385e-01
6.037724175890896161e-01
6.153834256196489827e-01
6.269944336502084603e-01
6.386054416807678269e-01
6.502164497113271935e-01
6.618274577418866711e-01
6.734384657724460377e-01
6.850494738030055153e-01
6.966604818335648819e-01
7.082714898641243595e-01
7.198824978946837261e-01
7.314935059252432037e-01
7.431045139558025703e-01
7.547155219863619369e-01
7.663265300169214145e-01
7.779375380474807811e-01
7.895485460780402587e-01
8.011595541085996253e-01
8.127705621391591029e-01
8.243815701697184695e-01
8.359925782002779471e-01
8.476035862308373137e-01
8.592145942613966803e-01
8.708256022919561579e-01
8.824366103225155245e-01
8.940476183530750021e-01
9.056586263836343687e-01
9.172696344141938463e-01
9.288806424447532128e-01
9.404916504753125794e-01
9.521026585058720570e-01
9.637136665364314236e-01
9.753246745669909012e-01
9.869356825975502678e-01
9.985466906281097454e-01
1.010157698658669112e+00
1.021768706689228479e+00
1.033379714719787845e+00
1.044990722750347434e+00
1.056601730780906800e+00
1.068212738811466167e+00
1.079823746842025534e+00
1.091434754872585122e+00
1.103045762903144489e+00
1.114656770933703855e+00
1.126267778964263222e+00
1.137878786994822589e+00
1.149489795025382177e+00
1.161100803055941544e+00
1.172711811086500910e+00
1.184322819117060277e+00
1.195933827147619866e+00
1.207544835178179232e+00
1.219155843208738599e+00
1.230766851239297965e+00
1.242377859269857332e+00
