0.000000000000000000e+00
0.000000000000000000e+00
0.000000000000000000e+00
0.000000000000000000e+00
0.000000000000000000e+00
0.000000000000000000e+00
0.000000000000000000e+00
0.000000000000000000e+00
0.000000000000000000e+00
0.000000000000000000e+00
0.000000000000000000e+00
0.000000000000000000e+00
0.000000000000000000e+00
0.000000000000000000e+00
0.000000000000000000e+00
0.000000000000000000e+00
0.000000000000000000e+00
0.000000000000000000e+00
0.000000000000000000e+00
0.000000000000000000e+00
0.000000000000000000e+00
0.000000000000000000e+00
0.000000000000000000e+00
0.000000000000000000e+00
0.000000000000000000e+00
1.293844930266823366e-02
2.279580834615512197e-01
9.628688677039031196e-01
2.323434839782344330e+00
3.759748663912963362e+00
4.864499905017164672e+00
5.406072347009154733e+00
5.681401594684629686e+00
5.723321307990598683e+00
5.639824999541684036e+00
5.367179758927705713e+00
5.202055872779100198e+00
4.939493396540125758e+00
4.805435911376188862e+00
4.724063847303489716e+00
4.512362422126938277e+00
4.343874725210004506e+00
4.245389186698025341e+00
4.098504638512574516e+00
4.018781033488483700e+00
3.955308621510106093e+00
3.958897214581690971e+00
3.918404490553736075e+00
3.904509867214006835e+00
3.875666549132549488e+00
3.976957305278229882e+00
3.883731132503084549e+00
3.819168154478056465e+00
3.747496102078044622e+00
3.773236762257145660e+00
3.776619337272904442e+00
3.770398118452047420e+00
3.828865514873412756e+00
3.833279630382236292e+00
3.888964903854064126e+00
3.875909717748873717e+00
3.837480635000461326e+00
3.869628595435461893e+00
3.910932231727276776e+00
3.962398501602728107e+00
3.996380854873956778e+00
3.992090178380632626e+00
3.989567443295247706e+00
3.982972721828705875e+00
4.003991916151127484e+00
4.014500860392356429e+00
3.983892448741154446e+00
3.908398988445376254e+00
3.948926179227965960e+00
3.949808116109338574e+00
3.960399884856694808e+00
3.992551739433968461e+00
3.977818861399889272e+00
3.970939114346526466e+00
3.960256169939254445e+00
3.986262897640769687e+00
3.974742064076183024e+00
3.965687982966429992e+00
3.967489852577294140e+00
3.952955075168207877e+00
3.968927312456960621e+00
4.015266435989166993e+00
4.077087089131236297e+00
4.020730186506920489e+00
4.008582908702046588e+00
4.019910022848759645e+00
3.998875752238334691e+00
3.987562299429628698e+00
3.972376401964185622e+00
3.948460002779251354e+00
3.977877929680527114e+00
3.959884043193103054e+00
3.967809348181348561e+00
3.958445681567737129e+00
3.966801791341704853e+00
3.994037468401775204e+00
3.994736043075062693e+00
3.970532418321154999e+00
3.944240346410084364e+00
3.949987152576176719e+00
3.939679992833486022e+00
3.957379407501446789e+00
