0.000000000000000000e+00
0.000000000000000000e+00
0.000000000000000000e+00
0.000000000000000000e+00
0.000000000000000000e+00
0.000000000000000000e+00
0.000000000000000000e+00
0.000000000000000000e+00
0.000000000000000000e+00
0.000000000000000000e+00
0.000000000000000000e+00
0.000000000000000000e+00
0.000000000000000000e+00
0.000000000000000000e+00
0.000000000000000000e+00
0.000000000000000000e+00
0.000000000000000000e+00
0.000000000000000000e+00
0.000000000000000000e+00
0.000000000000000000e+00
0.000000000000000000e+00
0.000000000000000000e+00
0.000000000000000000e+00
0.000000000000000000e+00
0.000000000000000000e+00
0.000000000000000000e+00
0.000000000000000000e+00
0.000000000000000000e+00
0.000000000000000000e+00
0.000000000000000000e+00
0.000000000000000000e+00
0.000000000000000000e+00
0.000000000000000000e+00
0.000000000000000000e+00
0.000000000000000000e+00
0.000000000000000000e+00
7.887519707638925817e-05
1.428269228278198147e-02
1.233855960934836515e-01
7.318354313655773824e-01
2.184975981730861605e+00
4.523168287631831319e+00
7.052814552222046451e+00
9.109709219931938051e+00
1.014053537587910725e+01
1.040120275672084560e+01
1.004953463496796395e+01
9.391413748069462386e+00
8.608009843746524226e+00
7.739973587032390689e+00
6.903090533233790183e+00
6.116332439952392619e+00
5.432335394218288371e+00
4.903357638330295032e+00
4.448068047347456755e+00
4.014857418221383867e+00
3.701967488061709055e+00
3.376979522465478833e+00
3.165577068828705265e+00
2.994439387660136731e+00
2.832846475447313939e+00
2.753044243244359812e+00
2.679044796838445652e+00
2.638026642969707680e+00
2.563026939887572908e+00
2.528311957870537086e+00
2.514597544408351926e+00
2.583583758612611359e+00
2.630555995451996143e+00
2.707833516823806796e+00
2.783964185489282261e+00
2.917380223832681363e+00
3.005714156284135630e+00
3.150097902037564790e+00
3.259003939987453080e+00
3.452560440011442466e+00
3.631458413257283802e+00
3.800957891165197999e+00
3.939138520509328334e+00
4.150672406530731884e+00
4.305150763148750670e+00
4.515493910561728441e+00
4.672739275124056846e+00
4.753177014432792724e+00
4.850094470588129703e+00
4.931171144706648413e+00
4.999228194078542131e+00
5.034462701450661548e+00
4.984140462120397963e+00
4.883875294784034260e+00
4.795864914361162690e+00
4.692760449253955635e+00
4.580835103312257850e+00
4.459240250847781972e+00
4.373189882022374242e+00
4.212889403676816080e+00
4.120918945074238948e+00
4.000695845842001219e+00
3.880068908780269332e+00
3.797564510400460946e+00
3.753540567137099160e+00
3.648771976688824914e+00
3.604271176871367111e+00
3.547001999378318171e+00
3.542355984641922362e+00
3.496477045363331815e+00
3.497202341822053029e+00
