0.000000000000000000e+00
0.000000000000000000e+00
0.000000000000000000e+00
0.000000000000000000e+00
0.000000000000000000e+00
0.000000000000000000e+00
0.000000000000000000e+00
0.000000000000000000e+00
0.000000000000000000e+00
0.000000000000000000e+00
0.000000000000000000e+00
0.000000000000000000e+00
0.000000000000000000e+00
0.000000000000000000e+00
0.000000000000000000e+00
0.000000000000000000e+00
0.000000000000000000e+00
0.000000000000000000e+00
0.000000000000000000e+00
0.000000000000000000e+00
0.000000000000000000e+00
0.000000000000000000e+00
0.000000000000000000e+00
0.000000000000000000e+00
0.000000000000000000e+00
0.000000000000000000e+00
0.000000000000000000e+00
0.000000000000000000e+00
0.000000000000000000e+00
0.000000000000000000e+00
0.000000000000000000e+00
0.000000000000000000e+00
0.000000000000000000e+00
0.000000000000000000e+00
0.000000000000000000e+00
0.000000000000000000e+00
0.000000000000000000e+00
0.000000000000000000e+00
4.259571786886661056e-03
5.466494830377328223e-02
4.208720456357665785e-01
1.507681953721268675e+00
3.618824030649780976e+00
6.266696864163917802e+00
8.822591050537422319e+00
1.063022680674519549e+01
1.153818439941585616e+01
1.153170769451726052e+01
1.105696894612355408e+01
1.022960699754324132e+01
9.264787756318968448e+00
8.140161485196914626e+00
7.065184312184351612e+00
6.071661331184734500e+00
5.178656352660515161e+00
4.534374135283195884e+00
3.918027482315031840e+00
3.392065927951466886e+00
2.954641997118412799e+00
2.652892190768467717e+00
2.417234641587894917e+00
2.249576986426728986e+00
2.113516132210772280e+00
2.034777215869377542e+00
2.054715200271240327e+00
2.055068398566004095e+00
2.091625197310870821e+00
2.155539629257164691e+00
2.222721724553019307e+00
2.302599459133470194e+00
2.370850701544416239e+00
2.479627383735096391e+00
2.527250061875206733e+00
2.631947013643494593e+00
2.728912612264734694e+00
2.896040195814928442e+00
3.102503222584180875e+00
3.302676733178351753e+00
3.602533214142261464e+00
3.889596662687339723e+00
4.236636612441187388e+00
4.561165464964509475e+00
4.888323381895123276e+00
5.179068090072893149e+00
5.433037799007435886e+00
5.620909649394575602e+00
5.742677696765304596e+00
5.769254758578490794e+00
5.642190903941964208e+00
5.466141562002372112e+00
5.277713759996332854e+00
5.092034384949815973e+00
4.808793186773808515e+00
4.556429713452480712e+00
4.430224934681658233e+00
4.231577373615197146e+00
4.040550685533644604e+00
3.909007166039394132e+00
3.773245576063473550e+00
3.651067847953587187e+00
3.600520179607075377e+00
3.524891641403944398e+00
3.481105210974912101e+00
3.438283085098952085e+00
3.453072810041041496e+00
3.435000631490948031e+00
3.467540576131742824e+00
